0.0635901472 0.1196647125 0
0.1196647125 0.1345282706 6.2002303873
0.1345282706 0.1477377653 6.0375586855
0.1477377653 0.1622443163 11.3963945279
0.1622443163 0.1740515784 8.9250888667
0.1740515784 0.1823966885 5.9962221016
0.1823966885 0.1867181091 5.3998645318
0.1867181091 0.1911419147 7.5503250544
0.1911419147 0.1956705311 4.6920854807
0.1956705311 0.2003064413 4.3737851019
0.2003064413 0.2050521875 6.1156162424
0.2050521875 0.2148836587 4.5838289361
0.2148836587 0.2199747746 4.1279417061
0.2199747746 0.2305217269 5.9404994602
0.2305217269 0.2472978491 5.6009015062
0.2472978491 0.2531569359 2.9790335436
0.2531569359 0.2591548387 2.7769427016
0.2591548387 0.2652948464 1.8825899938
0.2652948464 0.2715803259 1.9742393046
0.2715803259 0.3053133277 3.3592595718
0.3053133277 0.4237587161 0.0875922958

